Mrzla jama   (m, 360)

[1]: 2020/02/16     0.00  

     1.0              0.00          0.00      0.00    

     1.0                   0.000    0.00    0.00         
     1.0         1.1       0.582  139.89   87.18  [1]    
     1.0         1.1       0.579  156.36   87.04  [1]    
     1.0         1.1       0.565  149.69   87.10  [1]    
     1.1                   2.270  135.81   -9.03  [1]    
     1.1                   3.270  161.64   -5.27  [1]    
     1.1                   9.024  191.17   -0.95  [1]    
     1.1                  10.958  196.66   -1.00  [1]    
     1.1                   6.127  211.34   -2.41  [1]    
     1.1                   4.547  278.49   33.41  [1]    
     1.1                   5.099  323.90   30.38  [1]    
     1.1                   4.879  245.20   23.20  [1]    
     1.1                   7.462  245.75   74.22  [1]    
     1.1                   3.741  324.99   74.32  [1]    
     1.1                   7.757  218.35   64.09  [1]    
     1.1                   3.256   54.82   14.95  [1]    
     1.1                   6.637   39.27   16.57  [1]    
     1.1                   9.673   28.65   16.58  [1]    
     1.1                  10.674   12.26   19.39  [1]    
     1.1                   8.875    4.88   20.43  [1]    
     1.1                   6.174  352.66   24.43  [1]    
     1.1                   7.045   21.78   39.57  [1]    
     1.1                   9.820   25.25   31.73  [1]    
     1.1                  11.686   22.24   10.67  [1]    
     1.1                   5.913   22.12   10.56  [1]    
     1.1                   5.907   21.94   10.64  [1]    
     1.1                   6.963   34.13   13.13  [1]    
     1.1                   6.805   34.40   13.14  [1]    
     1.1                   6.791   34.38   13.15  [1]    
     1.1                   6.751   34.57   12.96  [1]    
     1.1         1.2       6.743   39.42   12.92  [1]    
     1.1         1.2       6.700   39.45   12.91  [1]    
     1.1         1.2       6.694   39.52   12.92  [1]    
     1.2                   4.208  290.06    7.43  [1]    
     1.2                   4.837  310.67   10.03  [1]    
     1.2                   5.698  344.78   11.96  [1]    
     1.2                   8.884  352.13   10.02  [1]    
     1.2                   8.615    2.60    8.66  [1]    
     1.2                   3.925    7.89   14.78  [1]    
     1.2                   2.524   15.91   14.03  [1]    
     1.2                   4.712  236.59   81.95  [1]    
     1.2                   4.592  337.60   57.23  [1]    
     1.2                   7.081  356.98   35.99  [1]    
     1.2         1.3       7.135  350.88    6.30  [1]    
     1.2         1.3       7.140  351.02    6.12  [1]    
     1.2         1.3       7.128  351.10    6.04  [1]    
     1.3                   0.771  334.65   26.96  [1]    
     1.3                   2.542    7.53   19.15  [1]    
     1.3                   2.518   14.91   20.36  [1]    
     1.3                   2.911   62.16   19.20  [1]    
     1.3                   3.056   55.28   71.78  [1]    
     1.3                   0.548  287.80   28.94  [1]    
     1.3                   2.131   96.37    6.04  [1]    
     1.3                   1.992  218.02  -84.31  [1]    
     1.3                   3.309  193.07  -56.55  [1]    
     1.3                   4.099  189.27  -38.79  [1]    
     1.3                   3.020  356.64  -28.03  [1]    
     1.1         1.4       7.574  209.75    8.93  [1]    
     1.1         1.4       7.558  209.62    8.79  [1]    
     1.1         1.4       7.571  209.76    8.75  [1]    
     1.4                   1.536  101.69    9.17  [1]    
     1.4                   2.448  153.98    4.63  [1]    
     1.4                   3.934  293.59   25.18  [1]    
     1.4                   3.822  268.12   14.95  [1]    
     1.4                   4.499  243.52    6.54  [1]    
     1.4                   6.260  224.29    3.33  [1]    
     1.4                   7.031  208.05    1.04  [1]    
     1.4                   1.093  195.83    1.94  [1]    
     1.4                   2.867  176.58   -2.99  [1]    
     1.4                   5.392  212.65   -1.66  [1]    
     1.4                   5.390  212.63   -1.80  [1]    
     1.4                   3.914  280.13   69.68  [1]    
     1.4                   3.487  223.90   59.52  [1]    
     1.4                   5.244  199.75   29.05  [1]    
     1.4         1.5       5.389  212.04   -1.72  [1]    
     1.4         1.5       5.393  211.95   -1.63  [1]    
     1.4         1.5       5.388  212.04   -1.80  [1]    
     1.5                   2.263   79.09   -2.14  [1]    
     1.5                   2.244   79.06   -2.12  [1]    
     1.5                   4.147   79.16   -1.91  [1]    
     1.5         1.6       2.265   79.82   -2.06  [1]    
     1.5         1.6       2.253   79.90   -2.08  [1]    
     1.5         1.6       2.233   79.47   -2.16  [1]    
     1.6                   2.173   99.01    7.84  [1]    
     1.6                   3.044  130.75    7.44  [1]    
     1.6                   5.355  156.38    6.34  [1]    
     1.6                  24.192  187.84   -1.79  [1]    
     1.6                  25.339  187.73    0.93  [1]    
     1.6                  26.432  188.02    3.54  [1]    
     1.6                  23.510  188.03   -3.75  [1]    
     1.6                  10.755  198.44   -6.76  [1]    
     1.6                  10.774  200.19   -8.09  [1]    
     1.6                  14.767  192.96   -5.62  [1]    
     1.6                  14.655  184.85   -5.87  [1]    
     1.6                  13.291  176.62   -6.58  [1]    
     1.6                   4.458  210.40   -1.23  [1]    
     1.6                   3.569  234.40    2.48  [1]    
     1.6                   3.703  259.68    4.27  [1]    
     1.6                   3.411  193.59   68.66  [1]    
     1.6                   4.588  187.33   47.24  [1]    
     1.6                   8.146  186.89   22.08  [1]    
     1.6                  11.592  186.50    9.50  [1]    
