Mrzla backup   (m, 360)

[1]: 2020/08/01     0.00  


     1.0                   0.000    0.00    0.00         
     1.0                  10.050  133.36   -3.97  [1]    
     1.0                   2.208  201.70   -7.69  [1]    
     1.0                   0.831  131.35   64.51  [1]    
     1.0                   4.416   30.00    1.62  [1]    
     1.0                  10.290   53.10   11.79  [1]    
     1.0                  10.308   13.85   16.47  [1]    
     1.0                   1.780  333.01   11.37  [1]    
     1.0                   1.045  132.53  -71.41  [1]    
     1.0         1.1       5.909  101.58   -3.07  [1]    
     1.0         1.1       5.903  101.45   -2.96  [1]    
     1.0         1.1       5.909  101.49   -2.97  [1]    
     1.1                  16.541  221.91   80.73  [1]    
     1.1                  30.930  192.60   51.64  [1]    
     1.1                  16.718    7.76   68.79  [1]    
     1.1                   9.913  214.37   18.86  [1]    
     1.1                   9.037  182.51   10.13  [1]    
     1.1                  19.856   11.98   53.83  [1]    
     1.1                  18.423  195.07   14.85  [1]    
     1.1                  34.073  189.91   40.42  [1]    
     1.1                   5.750  161.46   -5.97  [1]    
     1.1                   5.246  179.14   -4.17  [1]    
     1.1                   6.566  201.90   -5.59  [1]    
     1.1                   6.075  248.66   -4.06  [1]    
     1.1                   6.436  289.97   -4.16  [1]    
     1.1                   1.597  332.93  -19.29  [1]    
     1.1                   9.851   30.14   -2.79  [1]    
     1.1                   9.791   30.22   -2.41  [1]    
     1.1                   9.830   30.01   -2.55  [1]    
     1.1         1.2       9.674   31.72   -2.24  [1]    
     1.1         1.2       9.684   31.85   -2.18  [1]    
     1.1         1.2       9.665   32.03   -2.22  [1]    
     1.2                   3.758  342.60   72.87  [1]    
     1.2                   4.532  294.00   35.32  [1]    
     1.2                   3.285  291.33   -3.56  [1]    
     1.2                   1.131   90.46   66.40  [1]    
     1.2         1.3       5.139  357.12   -0.98  [1]    
     1.2         1.3       5.122  357.34   -0.83  [1]    
     1.2         1.3       5.121  357.59   -0.64  [1]    
     1.3                   5.118  357.37   -0.65  [1]    
     1.3                   2.653   99.32   29.46  [1]    
     1.3                   5.327   87.67   71.14  [1]    
     1.3                  19.013   78.96   87.31  [1]    
     1.3                   5.936  292.52   65.92  [1]    
     1.3                   4.570  290.65   20.97  [1]    
     1.3                   2.094  287.97   -6.44  [1]    
     1.3                  18.896   97.62   87.58  [1]    
     1.3         1.4      10.960    3.38    0.79  [1]    
     1.3         1.4      10.958    3.19    0.92  [1]    
     1.3         1.4      10.981    3.37    0.73  [1]    
     1.4                   0.784  284.39    4.36  [1]    
     1.4                   2.535  286.40   50.22  [1]    
     1.4                   7.837  307.33   80.78  [1]    
     1.4                  18.002  106.67   83.55  [1]    
     1.4                   8.515   86.26   59.08  [1]    
     1.4                   3.289   86.31   28.72  [1]    
     1.4                  16.554   96.51   56.11  [1]    
     1.4                  19.275   45.14   84.90  [1]    
     1.4                  18.530   16.35   72.94  [1]    
     1.4                  26.007   31.68   75.36  [1]    
     1.4                   3.132   93.14   -2.75  [1]    
     1.4                   3.713  100.17   34.29  [1]    
     1.4                   8.035  110.06   66.25  [1]    
     1.4         1.5      13.556   27.12   -0.49  [1]    
     1.4         1.5      13.571   27.18   -0.43  [1]    
     1.4         1.5      13.593   27.27   -0.32  [1]    
     1.5                  13.587   27.27   -0.38  [1]    
     1.5                  13.553   27.20   -0.46  [1]    
     1.5                  14.910  213.41    5.99  [1]    
     1.5                   8.780  214.60   -2.99  [1]    
     1.5                  11.683  227.16   12.82  [1]    
     1.5                   5.670  225.21   -5.18  [1]    
     1.5                  11.249  241.41   14.61  [1]    
     1.5                   4.858  239.53   -5.81  [1]    
     1.5                   8.393  264.05   10.74  [1]    
     1.5                   8.726  258.63   40.91  [1]    
     1.5                  11.246  242.97   55.31  [1]    
     1.5                  13.001  232.31   65.74  [1]    
     1.5                  14.223  224.32   69.08  [1]    
     1.5                   6.334  197.61   71.43  [1]    
     1.5                   0.587  117.62   -0.99  [1]    
     1.5                  15.512  334.56   40.41  [1]    
     1.5                  16.040  300.44   72.35  [1]    
     1.5                  10.467  266.29   51.25  [1]    
     1.5         1.6       9.863  351.42   14.14  [1]    
     1.5         1.6       9.866  351.41   14.30  [1]    
     1.5         1.6       9.833  351.62   14.01  [1]    
     1.6                   1.212  101.30    8.64  [1]    
     1.6                   6.678  103.96   33.50  [1]    
     1.6                   5.767  102.41   65.03  [1]    
     1.6                  13.345  112.12   79.56  [1]    
     1.6                  13.533  300.91   80.76  [1]    
     1.6                   5.917  288.67   50.34  [1]    
     1.6                   4.866  289.31   13.33  [1]    
     1.6                   3.195  295.05  -13.73  [1]    
     1.6                   2.514  305.52  -34.15  [1]    
     1.6                   4.625  343.45  -52.94  [1]    
     1.6                   9.532   53.18   23.90  [1]    
     1.6                   9.350   18.76   32.35  [1]    
     1.6                   9.071  351.34   30.42  [1]    
     1.6                   8.443    0.98    5.31  [1]    
     1.6                  23.288    4.51   39.24  [1]    
     1.6                   6.816  243.33   10.36  [1]    
     1.6                  26.644    2.27   36.97  [1]    
     1.6                  10.805    9.44   18.94  [1]    
     1.6                  16.390   14.06   57.45  [1]    
     1.6         1.7       7.028   22.64   19.65  [1]    
     1.6         1.7       7.021   22.56   19.53  [1]    
     1.6         1.7       7.001   22.61   19.44  [1]    
     1.7                  12.444  117.39   26.17  [1]    
     1.7         1.8      12.356  117.28   25.96  [1]    
     1.7         1.8      12.365  117.28   25.96  [1]    
     1.7         1.8      12.384  117.19   25.90  [1]    
     1.8                   1.447  188.53   -7.35  [1]    
     1.8                   0.672   82.58   72.91  [1]    
     1.8                   2.861   21.81   53.89  [1]    
     1.8                   4.759   17.29   42.67  [1]    
     1.8                   3.012   15.90   35.99  [1]    
     1.8                   2.605   17.48   -2.82  [1]    
     1.8                   1.706   59.06  -64.03  [1]    
     1.8                   1.900  192.79  -17.87  [1]    
     1.8                   7.764   62.66    9.15  [1]    
     1.8         1.9       7.795   62.95    9.07  [1]    
     1.8         1.9       7.828   62.98    9.20  [1]    
     1.8         1.9       7.807   62.91    9.17  [1]    
     1.9                   3.519  157.24    1.59  [1]    
     1.9                   3.137  162.77   36.67  [1]    
     1.9                   2.917  143.21   74.72  [1]    
     1.9                   1.363  352.06   17.48  [1]    
     1.9                   5.821   12.28   56.67  [1]    
     1.9                   3.801   47.50   80.64  [1]    
     1.9                   7.456   78.57    6.65  [1]    
     1.9         1.10      7.437   78.47    6.61  [1]    
     1.9         1.10      7.400   78.30    6.90  [1]    
     1.9         1.10      7.426   78.57    6.55  [1]    
     1.10                  1.804    2.12   23.32  [1]    
     1.10                  7.745    4.61   43.81  [1]    
     1.10                  3.707  353.70   77.65  [1]    
     1.10                  6.120  193.72   76.48  [1]    
     1.10                  7.035  156.48   68.43  [1]    
     1.10                  3.933  193.03   44.68  [1]    
     1.10                  3.804  194.33   30.38  [1]    
     1.10                  2.331  190.96    1.77  [1]    
     1.10                  3.080  186.94  -14.08  [1]    
     1.10        1.11     16.248   90.26   -0.05  [1]    
     1.10        1.11     16.241   90.31    0.03  [1]    
     1.10        1.11     16.209   90.66    0.13  [1]    
     1.11                  3.431  353.44  -17.23  [1]    
     1.11                  2.326  354.70   19.34  [1]    
     1.11                  2.407  355.96   61.41  [1]    
     1.11                  5.086   39.35   81.19  [1]    
     1.11                  3.797  178.80   26.98  [1]    
     1.11                  3.850  153.94   67.25  [1]    
     1.11                  8.216  117.88   66.98  [1]    
     1.11                  7.800  256.14   74.87  [1]    
     1.11                  1.407  350.39  -65.63  [1]    
     1.11                 13.863   77.10    1.66  [1]    
     1.11                 13.950   77.03    1.65  [1]    
     1.11                 13.857   77.19    1.62  [1]    
     1.11                 13.714   77.23    1.68  [1]    
     1.11                  4.803   53.10   -3.24  [1]    
     1.11                 13.835   77.14    1.79  [1]    
     1.11                 13.734   77.11    1.68  [1]    
     1.11                 13.830   77.09    1.47  [1]    
     1.11                 13.846   76.83    1.96  [1]    
     1.11                 13.707   76.92    1.96  [1]    
     1.11                 13.888   76.87    2.09  [1]    
     1.11                 13.889   76.74    1.92  [1]    
     1.11                 14.064   76.79    1.96  [1]    
     1.11                 14.058   76.68    1.98  [1]    
     1.11        1.12     14.080   74.34    1.83  [1]    
     1.11        1.12     14.061   74.43    2.05  [1]    
     1.11        1.12     14.062   74.40    1.96  [1]    
     1.12                  3.573  144.41   29.61  [1]    
     1.12                  5.558  131.63   70.30  [1]    
     1.12                  7.972   61.06   83.12  [1]    
     1.12                  3.615  333.88   74.21  [1]    
     1.12                  3.939  350.21   29.34  [1]    
     1.12                  5.245  356.57  -12.24  [1]    
     1.12                  3.186    4.83  -44.07  [1]    
     1.12                  0.493  158.94  -13.79  [1]    
     1.12        1.13      9.956   73.53   -5.92  [1]    
     1.12        1.13      9.954   73.41   -5.88  [1]    
     1.12        1.13      9.956   73.48   -5.98  [1]    
     1.13                  0.423   22.88  -32.34  [1]    
     1.13                  3.333   22.06   38.08  [1]    
     1.13                  6.084   30.54   66.53  [1]    
     1.13                  9.778  145.24   87.13  [1]    
     1.13                  4.455  171.01   69.47  [1]    
     1.13                  7.269   25.66   83.87  [1]    
     1.13                  2.918  182.68   35.12  [1]    
     1.13                  2.963  198.13    9.24  [1]    
     1.13                  3.444  205.83  -16.96  [1]    
     1.13                  1.553  193.77  -51.90  [1]    
     1.13                  0.496   21.38  -19.89  [1]    
     1.13                 18.276  127.13    0.86  [1]    
     1.13                 17.687  127.53    0.82  [1]    
     1.13                 17.142  127.91    1.00  [1]    
     1.13                 17.706  127.61    0.77  [1]    
     1.13        1.14     17.576  124.90    0.10  [1]    
     1.13        1.14     17.565  124.90    0.15  [1]    
     1.13        1.14     17.571  125.00    0.10  [1]    
     1.14                  1.933    8.36  -28.77  [1]    
     1.14                  2.902   10.34    1.31  [1]    
     1.14                  6.967   11.71   24.44  [1]    
     1.14                 10.383   11.77   43.12  [1]    
     1.14                  9.763   27.18   46.43  [1]    
     1.14                  2.521   15.81   64.52  [1]    
     1.14                  1.461  162.42   88.51  [1]    
     1.14                  0.706  180.57   14.46  [1]    
     1.14                  1.577  175.29  -39.28  [1]    
     1.14                 20.387   54.92   -0.46  [1]    
     1.14                 20.443   55.09   -0.43  [1]    
     1.14        1.15     20.404   54.99   -0.48  [1]    
     1.14        1.15     20.370   55.08   -0.64  [1]    
     1.14        1.15     20.367   54.97   -0.66  [1]    
     1.15                 20.377   55.19   -0.52  [1]    
     1.15                 20.394   55.20   -0.63  [1]    
     1.15                  6.547   97.37   15.66  [1]    
     1.15                  0.398  358.51  -28.00  [1]    
     1.15                  3.118  352.03   10.03  [1]    
     1.15                  7.367  349.02   29.81  [1]    
     1.15                 11.233  346.55   54.98  [1]    
     1.15                  9.084  342.53   74.34  [1]    
     1.15                  8.103  253.02   50.37  [1]    
     1.15                  3.944  194.38   71.16  [1]    
     1.15                  2.282  163.54    2.53  [1]    
     1.15                  2.170  161.06  -30.05  [1]    
     1.15                 17.113    1.16   28.59  [1]    
     1.15        1.16     16.524   96.91    0.53  [1]    
     1.15        1.16     16.546   96.82    0.58  [1]    
     1.15        1.16     16.554   96.78    0.65  [1]    
     1.16                  2.984  177.26    0.52  [1]    
     1.16                  2.045  181.32  -32.94  [1]    
     1.16                  4.587  171.39   44.36  [1]    
     1.16                  4.205  148.97   78.28  [1]    
     1.16                  6.071   30.29   64.77  [1]    
     1.16                  7.960   12.16   42.50  [1]    
     1.16                 11.576   14.41   33.68  [1]    
     1.16                  1.827   10.80   -1.49  [1]    
     1.16                  0.778   11.49  -43.76  [1]    
     1.16                  0.645   66.80  -54.28  [1]    
     1.16                  5.314  112.40   -0.77  [1]    
     1.16                  5.379  112.37   -0.81  [1]    
     1.16                  5.096  112.49   -0.83  [1]    
     1.16                  4.667   77.82    4.88  [1]    
     1.16                  3.319  165.27    4.39  [1]    
     1.16        1.17      5.085  112.58   -0.02  [1]    
     1.16        1.17      5.092  112.65   -0.09  [1]    
     1.16        1.17      5.104  112.76   -0.04  [1]    
     1.17                 10.946  162.41   29.67  [1]    
     1.17                  3.870  158.01   15.53  [1]    
     1.17                  4.600  163.26   57.19  [1]    
     1.17                  5.442  177.70   23.33  [1]    
     1.17                  6.554  136.34   27.91  [1]    
     1.17                  4.155  282.78   75.70  [1]    
     1.17                 12.218  342.83   33.16  [1]    
     1.17                  2.875    1.83   17.53  [1]    
     1.17                  5.106  333.94   11.97  [1]    
     1.17                  1.002  122.79  -65.67  [1]    
     1.17                  2.316  121.17   -1.40  [1]    
     1.17        1.18     12.564   61.39   -3.98  [1]    
     1.17        1.18     12.544   61.40   -3.88  [1]    
     1.17        1.18     12.546   61.27   -3.92  [1]    
     1.18                  3.450  358.90  -17.47  [1]    
     1.18                  3.862  358.25   -1.19  [1]    
     1.18                  5.084  359.40   22.95  [1]    
     1.18                  3.243  359.71   70.61  [1]    
     1.18                  2.132  158.21   11.70  [1]    
     1.18                  1.256   29.39  -74.68  [1]    
     1.18        1.19      8.322  112.77   -0.91  [1]    
     1.18        1.19      8.325  112.83   -1.13  [1]    
     1.18        1.19      8.328  112.85   -1.04  [1]    
     1.19                  3.099   53.56   14.00  [1]    
     1.19                  2.026  150.22   87.01  [1]    
     1.19                  4.582  221.11    6.23  [1]    
     1.19                  1.831  171.53  -40.93  [1]    
     1.19        1.20     10.384  141.56   -3.48  [1]    
     1.19        1.20     10.342  141.63   -3.27  [1]    
     1.19        1.20     10.376  141.59   -3.41  [1]    
     1.20                  0.870   25.89  -64.29  [1]    
     1.20                  6.355    5.82   25.42  [1]    
     1.20                  8.989  125.18   75.10  [1]    
     1.20                  4.628  180.66   27.15  [1]    
     1.20        1.21     10.776   49.54   -4.74  [1]    
     1.20        1.21     10.772   49.70   -4.94  [1]    
     1.20        1.21     10.775   49.55   -4.76  [1]    
     1.21                  3.674  305.97   17.96  [1]    
     1.21                  7.197  302.74   63.85  [1]    
     1.21                 10.167   64.89   84.91  [1]    
     1.21                  2.164  105.21   19.78  [1]    
     1.21                  1.623  102.93  -43.46  [1]    
     1.21                 20.785  217.98   35.10  [1]    
     1.21                 14.805  177.35   36.92  [1]    
     1.21                  9.045  191.77   21.21  [1]    
     1.21        1.22     19.853   22.40   -1.91  [1]    
     1.21        1.22     19.860   22.45   -1.92  [1]    
     1.21        1.22     19.838   22.38   -1.94  [1]    
     1.22                  5.075  291.92   26.35  [1]    
     1.22                 10.893  287.72   57.01  [1]    
     1.22                  2.744   72.51   84.17  [1]    
     1.22                  5.225   88.39    3.06  [1]    
     1.22                  0.610  332.23  -82.66  [1]    
     1.22        1.23     14.164    2.82    4.08  [1]    
     1.22        1.23     14.165    2.96    4.19  [1]    
     1.22        1.23     14.174    2.83    4.09  [1]    
     1.23                  4.052  267.18   10.00  [1]    
     1.23                  9.294  251.07   70.50  [1]    
     1.23                  4.968   83.07   22.59  [1]    
     1.23                  1.014  244.77  -57.60  [1]    
     1.23        1.24     13.052  329.78    4.15  [1]    
     1.23        1.24     13.043  329.74    4.05  [1]    
     1.23        1.24     13.051  329.78    4.10  [1]    
     1.24                  5.294  245.73   11.83  [1]    
     1.24                  5.343  254.63   81.58  [1]    
     1.24                  2.107   64.27   11.25  [1]    
     1.24                  2.094  229.39  -57.63  [1]    
     1.24                 11.790   38.47   74.72  [1]    
     1.24                 24.242   28.86   69.71  [1]    
     1.24                  7.640  353.09   22.51  [1]    
     1.24                 21.442  357.89   23.18  [1]    
     1.24                  9.420  318.65    0.70  [1]    
     1.24                 11.578   80.27   50.91  [1]    
     1.24                 11.554   76.69   53.32  [1]    
     1.24        1.25     14.513  351.94   22.04  [1]    
     1.24        1.25     14.508  352.02   22.32  [1]    
     1.24        1.25     14.525  351.97   22.10  [1]    
     1.25                  9.633  318.99  -36.68  [1]    
     1.25                 19.729  171.02    4.36  [1]    
     1.25                  2.414   85.63    6.50  [1]    
     1.25                  6.201   96.67    1.18  [1]    
     1.25                  3.628  195.26   73.41  [1]    
     1.25                  1.532   78.65   18.09  [1]    
     1.25                  0.835   60.80  -34.83  [1]    
     1.25        1.26      1.732   80.08   29.69  [1]    
     1.25        1.26      1.726   80.54   29.60  [1]    
     1.25        1.26      1.727   80.42   29.50  [1]    
     1.26                  5.003   75.42   -1.00  [1]    
     1.26                  1.045  287.87   -2.47  [1]    
     1.26                  1.211  358.13  -72.70  [1]    
     1.26                  1.927   32.96   69.90  [1]    
     1.26        1.27     10.070  339.96   -7.90  [1]    
     1.26        1.27     10.070  339.89   -7.81  [1]    
     1.26        1.27     10.062  339.88   -8.09  [1]    
     1.27                  1.804   53.77   18.95  [1]    
     1.27                  0.866  223.77   79.37  [1]    
     1.27                  2.667  207.99    7.54  [1]    
     1.27                 14.276  288.15  -13.04  [1]    
     1.27        1.28     14.164  287.87  -13.11  [1]    
     1.27        1.28     14.173  287.68  -13.11  [1]    
     1.27        1.28     14.159  287.56  -13.28  [1]    
     1.28                 10.096  102.84   -2.10  [1]    
     1.28                  9.409  101.41   -9.86  [1]    
     1.28                  8.412   72.30   -8.21  [1]    
     1.28                  9.078   43.39   -7.92  [1]    
     1.28                 13.233   14.58   -5.88  [1]    
     1.28                  6.749  357.69   -7.59  [1]    
     1.28                 11.918   49.93   69.17  [1]    
     1.28                  6.533  150.37   49.59  [1]    
     1.28                 17.328   13.60   -1.79  [1]    
     1.28        1.29     17.254   13.78   -1.86  [1]    
     1.28        1.29     17.253   13.77   -1.96  [1]    
     1.28        1.29     17.283   13.72   -2.05  [1]    
     1.29                  1.573   97.43   -0.05  [1]    
     1.29                 10.975   54.72   75.31  [1]    
     1.29                  2.609  292.34   -4.80  [1]    
     1.29                  1.122  349.15  -67.97  [1]    
     1.29        1.30     19.161  351.02   -7.22  [1]    
     1.29        1.30     19.162  351.18   -7.30  [1]    
     1.29        1.30     19.161  351.11   -7.18  [1]    
     1.30                  0.879  273.78  -18.31  [1]    
     1.30                  1.829   95.60    9.59  [1]    
     1.30                  3.918   39.33   68.16  [1]    
     1.30                  0.956  343.41  -64.12  [1]    
     1.30                  5.682    5.63   -0.08  [1]    
     1.30        1.31      6.506   44.22   33.99  [1]    
     1.30        1.31      6.518   44.32   34.09  [1]    
     1.30        1.31      6.518   44.32   34.09  [1]    
     1.31                  8.244  348.22  -27.42  [1]    
     1.31        1.32      8.163  346.99  -27.18  [1]    
     1.31        1.32      8.157  347.24  -27.22  [1]    
     1.31        1.32      8.158  347.23  -27.21  [1]    
     1.28                 14.121  139.58   54.88  [1]    
     1.25                 39.103  136.38   57.19  [1]    
     1.25                 40.296  137.58   55.78  [1]    
