    -2     1   1   1   1 01082020                              1    0.00   0   1
    -1     1   1   1   1  360.00  360.00    0.05    1.00    1.00  100.00    0.00
     1    -2   1   1   1 
     1    -1   1   1   1       1       0       1      32      32       3       0
     1     0   1   1   1    0.00    0.00    0.00    9.87    8.07    0.75    0.99
(    1     0   1   1   1 [8.27 205.0 -4.4]
(    1     0   2   1   1 [1.68 107.2 25.4]
(    1     0   3   1   1 [0.83 131.7 52.4]
(    1     0   4   1   1 [1.48 121.8 -54.9]
(    1     0   5   1   1 [1.48 121.9 -53.0]
(    1     0   6   1   1 [1.48 123.0 -51.8]
(    1     0   7   1   1 [1.50 122.1 -49.8]
(    1     0   8   1   1 [10.05 133.4 -4.0]
(    1     0   9   1   1 [2.21 201.7 -7.7]
(    1     0  10   1   1 [0.83 131.3 64.5]
(    1     0  11   1   1 [4.42 30.0 1.6]
(    1     0  12   1   1 [10.29 53.1 11.8]
(    1     0  13   1   1 [10.31 13.8 16.5]
(    1     0  14   1   1 [1.78 333.0 11.4]
(    1     0  15   1   1 [1.05 132.5 -71.4]
(    1     0  16   1   1 [2.07 83.2 -5.7]
     1     1   1   1   1    5.91  101.51   -3.00    1.51    5.69   16.38    0.00
(    1     1   1   1   1 [16.54 221.9 80.7]
(    1     1   2   1   1 [30.93 192.6 51.6]
(    1     1   3   1   1 [16.72 7.8 68.8]
(    1     1   4   1   1 [9.91 214.4 18.9]
(    1     1   5   1   1 [9.04 182.5 10.1]
(    1     1   6   1   1 [19.86 12.0 53.8]
(    1     1   7   1   1 [18.42 195.1 14.9]
(    1     1   8   1   1 [34.07 189.9 40.4]
(    1     1   9   1   1 [5.75 161.5 -6.0]
(    1     1  10   1   1 [5.25 179.1 -4.2]
(    1     1  11   1   1 [6.57 201.9 -5.6]
(    1     1  12   1   1 [6.08 248.7 -4.1]
(    1     1  13   1   1 [6.44 290.0 -4.2]
(    1     1  14   1   1 [1.60 332.9 -19.3]
(    1     1  15   1   1 [9.85 30.1 -2.8]
(    1     1  16   1   1 [9.79 30.2 -2.4]
(    1     1  17   1   1 [9.83 30.0 -2.6]
     1     2   1   1   1    9.67   31.86   -2.21    3.26    0.00    3.61    0.00
(    1     2   1   1   1 [3.76 342.6 72.9]
(    1     2   2   1   1 [4.53 294.0 35.3]
(    1     2   3   1   1 [3.29 291.3 -3.6]
(    1     2   4   1   1 [1.13 90.5 66.4]
     1     3   1   1   1    5.13  357.35   -0.82    1.97    2.28   19.01    0.00
(    1     3   1   1   1 [5.12 357.4 -0.7]
(    1     3   2   1   1 [2.65 99.3 29.5]
(    1     3   3   1   1 [5.33 87.7 71.1]
(    1     3   4   1   1 [19.01 79.0 87.3]
(    1     3   5   1   1 [5.94 292.5 65.9]
(    1     3   6   1   1 [4.57 290.7 21.0]
(    1     3   7   1   1 [2.09 288.0 -6.4]
(    1     3   8   1   1 [18.90 97.6 87.6]
     1     4   1   1   1   10.97    3.31    0.81    0.78    3.05   19.28    0.00
(    1     4   1   1   1 [0.78 284.4 4.4]
(    1     4   2   1   1 [2.54 286.4 50.2]
(    1     4   3   1   1 [7.84 307.3 80.8]
(    1     4   4   1   1 [18.00 106.7 83.5]
(    1     4   5   1   1 [8.52 86.3 59.1]
(    1     4   6   1   1 [3.29 86.3 28.7]
(    1     4   7   1   1 [16.55 96.5 56.1]
(    1     4   8   1   1 [19.28 45.1 84.9]
(    1     4   9   1   1 [18.53 16.3 72.9]
(    1     4  10   1   1 [26.01 31.7 75.4]
(    1     4  11   1   1 [3.13 93.1 -2.7]
(    1     4  12   1   1 [3.71 100.2 34.3]
(    1     4  13   1   1 [8.04 110.1 66.2]
     1     5   1   1   1   13.57   27.19   -0.41    7.93    0.56    6.02    0.00
(    1     5   1   1   1 [13.59 27.3 -0.4]
(    1     5   2   1   1 [14.91 213.4 6.0]
(    1     5   3   1   1 [8.78 214.6 -3.0]
(    1     5   4   1   1 [11.68 227.2 12.8]
(    1     5   5   1   1 [5.67 225.2 -5.2]
(    1     5   6   1   1 [11.25 241.4 14.6]
(    1     5   7   1   1 [4.86 239.5 -5.8]
(    1     5   8   1   1 [8.39 264.0 10.7]
(    1     5   9   1   1 [8.73 258.6 40.9]
(    1     5  10   1   1 [11.25 243.0 55.3]
(    1     5  11   1   1 [13.00 232.3 65.7]
(    1     5  12   1   1 [14.22 224.3 69.1]
(    1     5  13   1   1 [6.33 197.6 71.4]
(    1     5  14   1   1 [0.59 117.6 -1.0]
(    1     5  15   1   1 [15.51 334.6 40.4]
(    1     5  16   1   1 [16.04 300.4 72.4]
(    1     5  17   1   1 [10.47 266.3 51.3]
     1     6   1   1   1    9.85  351.49   14.15    4.62    1.19   13.40    3.70
(    1     6   1   1   1 [1.21 101.3 8.6]
(    1     6   2   1   1 [6.68 104.0 33.5]
(    1     6   3   1   1 [5.77 102.4 65.0]
(    1     6   4   1   1 [13.35 112.1 79.6]
(    1     6   5   1   1 [13.53 300.9 80.8]
(    1     6   6   1   1 [5.92 288.7 50.3]
(    1     6   7   1   1 [4.87 289.3 13.3]
(    1     6   8   1   1 [3.20 295.0 -13.7]
(    1     6   9   1   1 [2.51 305.5 -34.2]
(    1     6  10   1   1 [4.63 343.4 -52.9]
(    1     6  11   1   1 [9.53 53.2 23.9]
(    1     6  12   1   1 [9.35 18.8 32.3]
(    1     6  13   1   1 [9.07 351.3 30.4]
(    1     6  14   1   1 [8.44 1.0 5.3]
(    1     6  15   1   1 [23.29 4.5 39.2]
(    1     6  16   1   1 [6.82 243.3 10.4]
(    1     6  17   1   1 [26.64 2.3 37.0]
(    1     6  18   1   1 [10.81 9.4 18.9]
(    1     6  19   1   1 [16.39 14.1 57.5]
     1     7   1   1   1    7.02   22.60   19.54    0.00    8.18    0.00    0.00
(    1     7   1   1   1 [12.44 117.4 26.2]
     1     8   1   1   1   12.37  117.25   25.94    2.47    1.42    0.65    1.54
(    1     8   1   1   1 [1.45 188.5 -7.3]
(    1     8   2   1   1 [0.67 82.6 72.9]
(    1     8   3   1   1 [2.86 21.8 53.9]
(    1     8   4   1   1 [4.76 17.3 42.7]
(    1     8   5   1   1 [3.01 15.9 36.0]
(    1     8   6   1   1 [2.61 17.5 -2.8]
(    1     8   7   1   1 [1.71 59.1 -64.0]
(    1     8   8   1   1 [1.90 192.8 -17.9]
(    1     8   9   1   1 [7.76 62.7 9.1]
     1     9   1   1   1    7.81   62.95    9.14    1.26    3.50    3.76    0.00
(    1     9   1   1   1 [3.52 157.2 1.6]
(    1     9   2   1   1 [3.14 162.8 36.7]
(    1     9   3   1   1 [2.92 143.2 74.7]
(    1     9   4   1   1 [1.36 352.1 17.5]
(    1     9   5   1   1 [5.82 12.3 56.7]
(    1     9   6   1   1 [3.80 47.5 80.6]
(    1     9   7   1   1 [7.46 78.6 6.6]
     1    10   1   1   1    7.42   78.45    6.69    1.65    2.24    3.63    0.00
(    1    10   1   1   1 [1.80 2.1 23.3]
(    1    10   2   1   1 [7.75 4.6 43.8]
(    1    10   3   1   1 [3.71 353.7 77.7]
(    1    10   4   1   1 [6.12 193.7 76.5]
(    1    10   5   1   1 [7.04 156.5 68.4]
(    1    10   6   1   1 [3.93 193.0 44.7]
(    1    10   7   1   1 [3.80 194.3 30.4]
(    1    10   8   1   1 [2.33 191.0 1.8]
(    1    10   9   1   1 [3.08 186.9 -14.1]
     1    11   1   1   1   16.23   90.41    0.04    3.28    3.36    5.04    1.28
(    1    11   1   1   1 [3.43 353.4 -17.2]
(    1    11   2   1   1 [2.33 354.7 19.3]
(    1    11   3   1   1 [2.41 356.0 61.4]
(    1    11   4   1   1 [5.09 39.4 81.2]
(    1    11   5   1   1 [3.80 178.8 27.0]
(    1    11   6   1   1 [3.85 153.9 67.3]
(    1    11   7   1   1 [8.22 117.9 67.0]
(    1    11   8   1   1 [7.80 256.1 74.9]
(    1    11   9   1   1 [1.41 350.4 -65.6]
(    1    11  10   1   1 [13.86 77.1 1.7]
(    1    11  11   1   1 [13.71 77.2 1.7]
(    1    11  12   1   1 [4.80 53.1 -3.2]
(    1    11  13   1   1 [13.84 77.1 1.8]
(    1    11  14   1   1 [13.73 77.1 1.7]
(    1    11  15   1   1 [13.83 77.1 1.5]
(    1    11  16   1   1 [13.85 76.8 2.0]
(    1    11  17   1   1 [13.71 76.9 2.0]
(    1    11  18   1   1 [13.89 76.9 2.1]
(    1    11  19   1   1 [14.06 76.8 2.0]
(    1    11  20   1   1 [14.06 76.7 2.0]
     1    12   1   1   1   14.07   74.39    1.94    5.02    0.48    7.89    2.23
(    1    12   1   1   1 [3.57 144.4 29.6]
(    1    12   2   1   1 [5.56 131.6 70.3]
(    1    12   3   1   1 [7.97 61.1 83.1]
(    1    12   4   1   1 [3.62 333.9 74.2]
(    1    12   5   1   1 [3.94 350.2 29.3]
(    1    12   6   1   1 [5.25 356.6 -12.2]
(    1    12   7   1   1 [3.19 4.8 -44.1]
(    1    12   8   1   1 [0.49 158.9 -13.8]
     1    13   1   1   1    9.96   73.47   -5.93    0.46    2.90    9.78    1.23
(    1    13   1   1   1 [0.42 22.9 -32.3]
(    1    13   2   1   1 [3.33 22.1 38.1]
(    1    13   3   1   1 [6.08 30.5 66.5]
(    1    13   4   1   1 [9.78 145.2 87.1]
(    1    13   5   1   1 [4.46 171.0 69.5]
(    1    13   6   1   1 [7.27 25.7 83.9]
(    1    13   7   1   1 [2.92 182.7 35.1]
(    1    13   8   1   1 [2.96 198.1 9.2]
(    1    13   9   1   1 [3.44 205.8 -17.0]
(    1    13  10   1   1 [1.55 193.8 -51.9]
(    1    13  11   1   1 [0.50 21.4 -19.9]
(    1    13  12   1   1 [18.28 127.1 0.9]
(    1    13  13   1   1 [17.69 127.5 0.8]
(    1    13  14   1   1 [17.14 127.9 1.0]
     1    14   1   1   1   17.57  124.94    0.12    2.84    0.68    1.46    0.99
(    1    14   1   1   1 [1.93 8.4 -28.8]
(    1    14   2   1   1 [2.90 10.3 1.3]
(    1    14   3   1   1 [6.97 11.7 24.4]
(    1    14   4   1   1 [10.38 11.8 43.1]
(    1    14   5   1   1 [9.76 27.2 46.4]
(    1    14   6   1   1 [2.52 15.8 64.5]
(    1    14   7   1   1 [1.46 162.4 88.5]
(    1    14   8   1   1 [0.71 180.6 14.5]
(    1    14   9   1   1 [1.58 175.3 -39.3]
(    1    14  10   1   1 [20.39 54.9 -0.5]
(    1    14  11   1   1 [20.44 55.1 -0.4]
     1    15   1   1   1   20.38   55.01   -0.59    3.04    2.28    8.72    0.00
(    1    15   1   1   1 [20.38 55.2 -0.5]
(    1    15   2   1   1 [20.39 55.2 -0.6]
(    1    15   3   1   1 [6.55 97.4 15.7]
(    1    15   4   1   1 [0.40 358.5 -28.0]
(    1    15   5   1   1 [3.12 352.0 10.0]
(    1    15   6   1   1 [7.37 349.0 29.8]
(    1    15   7   1   1 [11.23 346.5 55.0]
(    1    15   8   1   1 [9.08 342.5 74.3]
(    1    15   9   1   1 [8.10 253.0 50.4]
(    1    15  10   1   1 [3.94 194.4 71.2]
(    1    15  11   1   1 [2.28 163.5 2.5]
(    1    15  12   1   1 [2.17 161.1 -30.0]
(    1    15  13   1   1 [17.11 1.2 28.6]
     1    16   1   1   1   16.54   96.84    0.59    1.82    2.86    4.12    0.52
(    1    16   1   1   1 [2.98 177.3 0.5]
(    1    16   2   1   1 [2.05 181.3 -32.9]
(    1    16   3   1   1 [4.59 171.4 44.4]
(    1    16   4   1   1 [4.21 149.0 78.3]
(    1    16   5   1   1 [6.07 30.3 64.8]
(    1    16   6   1   1 [7.96 12.2 42.5]
(    1    16   7   1   1 [11.58 14.4 33.7]
(    1    16   8   1   1 [1.83 10.8 -1.5]
(    1    16   9   1   1 [0.78 11.5 -43.8]
(    1    16  10   1   1 [0.65 66.8 -54.3]
(    1    16  11   1   1 [5.31 112.4 -0.8]
(    1    16  12   1   1 [5.10 112.5 -0.8]
(    1    16  13   1   1 [4.67 77.8 4.9]
(    1    16  14   1   1 [3.32 165.3 4.4]
     1    17   1   1   1    5.09  112.66   -0.04    2.73    5.02    4.03    0.91
(    1    17   1   1   1 [10.95 162.4 29.7]
(    1    17   2   1   1 [3.87 158.0 15.5]
(    1    17   3   1   1 [4.60 163.3 57.2]
(    1    17   4   1   1 [5.44 177.7 23.3]
(    1    17   5   1   1 [6.55 136.3 27.9]
(    1    17   6   1   1 [4.16 282.8 75.7]
(    1    17   7   1   1 [12.22 342.8 33.2]
(    1    17   8   1   1 [2.88 1.8 17.5]
(    1    17   9   1   1 [5.11 333.9 12.0]
(    1    17  10   1   1 [1.00 122.8 -65.7]
(    1    17  11   1   1 [2.32 121.2 -1.4]
     1    18   1   1   1   12.55   61.35   -3.93    3.87    1.98    3.05    1.21
(    1    18   1   1   1 [3.45 358.9 -17.5]
(    1    18   2   1   1 [3.86 358.2 -1.2]
(    1    18   3   1   1 [5.08 359.4 23.0]
(    1    18   4   1   1 [3.24 359.7 70.6]
(    1    18   5   1   1 [2.13 158.2 11.7]
(    1    18   6   1   1 [1.26 29.4 -74.7]
     1    19   1   1   1    8.32  112.82   -1.03    2.89    4.54    2.03    1.21
(    1    19   1   1   1 [3.10 53.6 14.0]
(    1    19   2   1   1 [2.03 150.2 87.0]
(    1    19   3   1   1 [4.58 221.1 6.2]
(    1    19   4   1   1 [1.83 171.5 -40.9]
     1    20   1   1   1   10.37  141.59   -3.38    5.78    4.12    8.72    0.78
(    1    20   1   1   1 [0.87 25.9 -64.3]
(    1    20   2   1   1 [6.36 5.8 25.4]
(    1    20   3   1   1 [8.99 125.2 75.1]
(    1    20   4   1   1 [4.63 180.7 27.2]
     1    21   1   1   1   10.77   49.59   -4.81    3.51    1.91   10.17    1.12
(    1    21   1   1   1 [3.67 306.0 18.0]
(    1    21   2   1   1 [7.20 302.7 63.9]
(    1    21   3   1   1 [10.17 64.9 84.9]
(    1    21   4   1   1 [2.16 105.2 19.8]
(    1    21   5   1   1 [1.62 102.9 -43.5]
(    1    21   6   1   1 [20.79 218.0 35.1]
(    1    21   7   1   1 [14.81 177.3 36.9]
(    1    21   8   1   1 [9.05 191.8 21.2]
     1    22   1   1   1   19.85   22.41   -1.92    4.51    5.09    2.72    0.60
(    1    22   1   1   1 [5.08 291.9 26.4]
(    1    22   2   1   1 [10.89 287.7 57.0]
(    1    22   3   1   1 [2.74 72.5 84.2]
(    1    22   4   1   1 [5.23 88.4 3.1]
(    1    22   5   1   1 [0.61 332.2 -82.7]
     1    23   1   1   1   14.17    2.87    4.12    3.90    4.52    8.74    0.85
(    1    23   1   1   1 [4.05 267.2 10.0]
(    1    23   2   1   1 [9.29 251.1 70.5]
(    1    23   3   1   1 [4.97 83.1 22.6]
(    1    23   4   1   1 [1.01 244.8 -57.6]
     1    24   1   1   1   13.05  329.77    4.10    5.13    2.04    5.29    1.76
(    1    24   1   1   1 [5.29 245.7 11.8]
(    1    24   2   1   1 [5.34 254.6 81.6]
(    1    24   3   1   1 [2.11 64.3 11.3]
(    1    24   4   1   1 [2.09 229.4 -57.6]
(    1    24   5   1   1 [11.79 38.5 74.7]
(    1    24   6   1   1 [24.24 28.9 69.7]
(    1    24   7   1   1 [7.64 353.1 22.5]
(    1    24   8   1   1 [21.44 357.9 23.2]
(    1    24   9   1   1 [9.42 318.6 0.7]
(    1    24  10   1   1 [11.58 80.3 50.9]
(    1    24  11   1   1 [11.55 76.7 53.3]
     1    25   1   1   1   14.51  351.98   22.15    7.47    5.41    3.48    5.78
(    1    25   1   1   1 [9.63 319.0 -36.7]
(    1    25   2   1   1 [19.73 171.0 4.4]
(    1    25   3   1   1 [2.41 85.6 6.5]
(    1    25   4   1   1 [6.20 96.7 1.2]
(    1    25   5   1   1 [3.63 195.3 73.4]
(    1    25   6   1   1 [1.53 78.6 18.1]
(    1    25   7   1   1 [0.84 60.8 -34.8]
(    1    25   8   1   1 [39.10 136.4 57.2]
(    1    25   9   1   1 [40.30 137.6 55.8]
     1    26   1   1   1    1.73   80.35   29.60    1.03    3.60    1.81    1.15
(    1    26   1   1   1 [5.00 75.4 -1.0]
(    1    26   2   1   1 [1.05 287.9 -2.5]
(    1    26   3   1   1 [1.21 358.1 -72.7]
(    1    26   4   1   1 [1.93 33.0 69.9]
     1    27   1   1   1   10.07  339.91   -7.93    2.52    1.69    0.85    0.00
(    1    27   1   1   1 [1.80 53.8 18.9]
(    1    27   2   1   1 [0.87 223.8 79.4]
(    1    27   3   1   1 [2.67 208.0 7.5]
(    1    27   4   1   1 [14.28 288.1 -13.0]
     1    28   1   1   1   14.17  287.70  -13.16    0.00    8.12   11.08    0.00
(    1    28   1   1   1 [10.10 102.8 -2.1]
(    1    28   2   1   1 [9.41 101.4 -9.9]
(    1    28   3   1   1 [8.41 72.3 -8.2]
(    1    28   4   1   1 [9.08 43.4 -7.9]
(    1    28   5   1   1 [13.23 14.6 -5.9]
(    1    28   6   1   1 [6.75 357.7 -7.6]
(    1    28   7   1   1 [11.92 49.9 69.2]
(    1    28   8   1   1 [6.53 150.4 49.6]
(    1    28   9   1   1 [17.33 13.6 -1.8]
(    1    28  10   1   1 [14.12 139.6 54.9]
     1    29   1   1   1   17.26   13.75   -1.96    2.44    1.57   10.65    1.04
(    1    29   1   1   1 [1.57 97.4 0.0]
(    1    29   2   1   1 [10.98 54.7 75.3]
(    1    29   3   1   1 [2.61 292.3 -4.8]
(    1    29   4   1   1 [1.12 349.1 -68.0]
     1    30   1   1   1   19.16  351.10   -7.23    0.81    1.78    3.64    0.86
(    1    30   1   1   1 [0.88 273.8 -18.3]
(    1    30   2   1   1 [1.83 95.6 9.6]
(    1    30   3   1   1 [3.92 39.3 68.2]
(    1    30   4   1   1 [0.96 343.4 -64.1]
(    1    30   5   1   1 [5.68 5.6 -0.1]
     1    31   1   1   1    6.51   44.29   34.05    0.00    0.00    0.00    0.00
(    1    31   1   1   1 [8.24 348.2 -27.4]
     1    32   1   1   1    8.16  347.16  -27.20    0.00    0.00    0.00    0.00
